% # columns="iteration, evaluation, sigma, void, void,  stds==sigma*sqrt(diag(C))", seed=584557, Mon Jan 14 20:20:22 2019, <python>{}</python>
1 8 0.849508487942 0 0 0.830393348975 0.866189667901 0.825269460134 0.738921537582
2 16 0.695909105753 0 0 0.674992601105 0.697547883097 0.678871837132 0.565277163659
3 24 0.565375295623 0 0 0.536457100063 0.504295669177 0.533745658943 0.436265569028
4 32 0.546694706016 0 0 0.487996068137 0.499919804145 0.484730577756 0.445434250807
5 40 0.648056964832 0 0 0.55716571202 0.748654445231 0.577430872556 0.509678473255
6 48 0.641789667867 0 0 0.525179539029 0.725887498139 0.561520053376 0.460959390477
7 56 0.581390383232 0 0 0.474397130211 0.653708077883 0.51725405332 0.380441401643
8 64 0.56436421613 0 0 0.438039068644 0.647129798346 0.472730089461 0.360226146836
9 72 0.633015618887 0 0 0.498111897691 0.762548555321 0.531583995257 0.3900680568
10 80 0.662208242901 0 0 0.509227107094 0.810382154872 0.520652683313 0.386157460228
11 88 0.580941497303 0 0 0.413148388758 0.701434803871 0.433642547289 0.314767754768
12 96 0.549979628451 0 0 0.375689671612 0.648863011621 0.386998729594 0.277588936023
13 104 0.569131839588 0 0 0.393670926199 0.72725017863 0.40453740056 0.279629694399
14 112 0.665431570855 0 0 0.474036127931 0.817594846515 0.473502727262 0.359957703152
15 120 0.587467718811 0 0 0.415180112175 0.662308831008 0.390067656106 0.316597678993
16 128 0.535370232447 0 0 0.391588066327 0.578945168663 0.351428800521 0.249136427525
17 136 0.423106918191 0 0 0.308466416052 0.436355327354 0.273352696641 0.187426531467
18 144 0.392203950477 0 0 0.283101192866 0.416225992145 0.240406281737 0.160441016119
19 152 0.480401693146 0 0 0.39411868297 0.517455722312 0.294071179433 0.21023538193
20 160 0.507598294408 0 0 0.421523468886 0.558596172475 0.308175736389 0.200733038231
21 168 0.504910198875 0 0 0.416941517435 0.556816858332 0.285151503817 0.210560790106
22 176 0.787738169146 0 0 0.695166113968 1.01634989624 0.431952760594 0.354014111027
23 184 0.96892849145 0 0 0.799985830156 1.19880202937 0.551851108156 0.431075417032
24 192 1.06042300273 0 0 0.855383658241 1.30566888983 0.611440712372 0.503055769908
25 200 0.994789428744 0 0 0.810384007664 1.22090433014 0.582555511323 0.450879404338
26 208 1.00097556551 0 0 0.788679906039 1.19600622287 0.574658802518 0.43517548661
27 216 0.812001563255 0 0 0.614552134652 0.91169047377 0.463520456563 0.323944497342
28 224 0.79525252868 0 0 0.630450618208 0.867118527365 0.4543010195 0.317638827986
29 232 0.812399043086 0 0 0.667682920349 0.957683468568 0.476160275031 0.329119572688
30 240 0.828994522273 0 0 0.699080165698 1.08996827528 0.49116241219 0.386211401487
31 248 0.676060877806 0 0 0.529077888068 0.84715321239 0.387158856411 0.299374734957
32 256 0.66095281813 0 0 0.573141554943 0.866370166362 0.364104339648 0.291246941261
33 264 0.716153957417 0 0 0.608805641204 0.985589593568 0.472283728115 0.330360085899
34 272 0.720503357824 0 0 0.594480727223 0.937867294992 0.493106634196 0.318603600299
35 280 0.655588616903 0 0 0.541710008991 0.80964011865 0.424525646021 0.278074827119
36 288 0.657243469804 0 0 0.544369507964 0.761462768486 0.425579706543 0.267115178487
37 296 0.682665068333 0 0 0.524772439467 0.779295434683 0.434049739022 0.270355209542
38 304 0.684627659759 0 0 0.574544915937 0.839591136197 0.438454904104 0.288970002876
39 312 0.642331046855 0 0 0.526456152475 0.747424934915 0.428833812753 0.254956701926
40 320 0.631092832471 0 0 0.481263466193 0.648196753901 0.396894735307 0.236872910649
41 328 0.692596461302 0 0 0.483020084334 0.65627344429 0.454872014456 0.251100776454
42 336 0.800916670492 0 0 0.545861930015 0.733387166859 0.532093276529 0.288679640409
43 344 0.834575533087 0 0 0.514678566575 0.834705034991 0.578407577944 0.298453461834
44 352 1.17198047378 0 0 0.77504639669 1.31359635721 0.909757292116 0.391026133023
45 360 1.57716248824 0 0 1.13598300724 1.82799667938 1.27920248651 0.522690772443
46 368 2.36106455332 0 0 1.71289293569 2.71816938833 1.91727081416 0.757394850365
47 376 2.93537336384 0 0 2.10495441446 3.31310474685 2.33373198946 0.83048262496
48 384 3.43465489429 0 0 2.33876892867 3.8944099095 2.63806839034 0.898579541036
49 392 3.70593848607 0 0 2.40548341276 4.36957254798 2.54320810466 0.94427167512
50 400 3.93175318545 0 0 2.33528013824 4.75933403653 2.53496802812 0.955119405071
51 408 3.58201997274 0 0 2.02782475427 4.26892340047 2.07891710245 0.916401695196
52 416 3.35958197513 0 0 1.82332501807 4.20054786971 1.95369534559 0.817981288744
53 424 3.09795449544 0 0 1.58452099624 3.65843655448 1.58678887555 0.778671513596
54 432 3.15195379531 0 0 1.63497163693 3.7013747286 1.56633623259 0.718864822288
55 440 3.13247468166 0 0 1.76267024615 3.29092161244 1.50977153629 0.736700767311
56 448 3.15145652415 0 0 1.64914823858 3.27504548689 1.69400417568 0.724984471756
57 456 3.15353936469 0 0 1.72348283082 3.11892789374 1.6539040419 0.727446568607
58 464 3.62737533229 0 0 2.27514360803 4.24923044687 1.8578728974 0.812955002969
59 472 3.74047009442 0 0 2.09989188725 3.98426159851 1.98405781764 0.800990701125
60 480 4.04921725074 0 0 2.32214429737 4.58292257297 2.07269636249 0.901693426564
61 488 3.9846976578 0 0 2.09956735784 4.18908850374 1.95898590226 0.90745989759
62 496 3.91038448007 0 0 2.11640656752 4.05039985559 1.81276806515 0.946093432083
63 504 4.69639651934 0 0 3.07982960017 5.89805885551 2.32174075529 1.16664182926
64 512 5.04330057882 0 0 3.58682792231 6.31485035985 2.2285573157 1.35140627113
65 520 4.89696961509 0 0 3.45994361882 6.1106082634 2.15913415325 1.30982787958
66 528 5.21215175207 0 0 3.71155638116 6.70427262526 2.20668128828 1.43431097973
67 536 4.70742003908 0 0 3.188689593 5.9672623676 1.79212825836 1.15142211291
68 544 4.81668017853 0 0 3.53893407733 6.64945328853 1.97437627482 1.28008167887
69 552 5.2617688386 0 0 4.19056929304 8.20995113714 1.93991481375 1.4156278685
70 560 4.69559322687 0 0 3.46947389182 7.04653982815 1.59288522558 1.18701563677
71 568 4.84104888729 0 0 4.0702708742 8.26881138059 1.64746741773 1.23277642552
