% # columns="iteration, evaluation, void, void, void, xmean", seed=584557, Mon Jan 14 20:20:22 2019, <python>{}</python> # scaling_of_variables: 1, typical_x: 0
1 8 0 0 0 10.3270954624 -4.45169960312 -1.10505819537 -0.00416569371595
2 16 0 0 0 10.2773504892 -4.98061244714 -1.40237790807 0.0529582527209
3 24 0 0 0 10.3908957868 -4.77822858634 -1.52019174068 0.065296274579
4 32 0 0 0 10.3900353124 -5.12812925005 -1.66288120308 0.505475474536
5 40 0 0 0 10.303839777 -5.88296292689 -1.94505032233 0.489889957091
6 48 0 0 0 10.4239812723 -6.03487789489 -2.00222629457 0.652295756007
7 56 0 0 0 10.5359753178 -5.35115736968 -1.3760696073 0.569084433339
8 64 0 0 0 10.6195455003 -4.77547654698 -1.30497866439 0.617377610858
9 72 0 0 0 10.3367938835 -4.27389684465 -1.01027042554 0.806935207873
10 80 0 0 0 10.4974431805 -3.76115577714 -0.857282768428 0.824748263562
11 88 0 0 0 10.4461653103 -3.84194884416 -1.15761266688 0.786334143614
12 96 0 0 0 10.3474057766 -3.70297114064 -1.40566500744 0.642936394159
13 104 0 0 0 10.2293658484 -4.51697409729 -1.56914371344 0.853095755687
14 112 0 0 0 9.96609553792 -4.10079721093 -1.9203311895 0.522302663745
15 120 0 0 0 10.1911980602 -4.29646939249 -1.74222296482 0.461321665746
16 128 0 0 0 9.93981429084 -4.34624662307 -1.92847275458 0.452760202917
17 136 0 0 0 10.1870143625 -4.21049875307 -1.77279769134 0.453996463612
18 144 0 0 0 10.2624953808 -3.8567084133 -1.65457394464 0.495811261094
19 152 0 0 0 10.6019680392 -4.40819893977 -1.72100610502 0.70052332993
20 160 0 0 0 10.7466748051 -4.01301189589 -1.75222916716 0.520100000999
21 168 0 0 0 10.849968975 -4.40606669153 -1.8639452384 0.671038624167
22 176 0 0 0 11.3045056057 -5.77963658472 -2.22108509652 0.871544100089
23 184 0 0 0 11.1371136373 -5.62848511636 -2.58357933897 0.613437663002
24 192 0 0 0 11.145726882 -4.94819687775 -2.73835588805 0.196544007847
25 200 0 0 0 11.7167365015 -5.12884933073 -2.07977048841 0.682082578187
26 208 0 0 0 11.9317151987 -5.11509463545 -2.76527683935 0.463016127181
27 216 0 0 0 11.9598636129 -5.32878307589 -2.39222037016 0.581409240256
28 224 0 0 0 12.2896551684 -5.10433799139 -2.43454966884 0.312490130892
29 232 0 0 0 12.6223379901 -6.05364340436 -2.68860588763 0.721935325184
30 240 0 0 0 12.7136690838 -6.5554940956 -2.75445447581 0.964897114196
31 248 0 0 0 12.3440656303 -6.01739205168 -2.80518161297 0.758581892259
32 256 0 0 0 11.7811333536 -5.13979592208 -2.46586061029 0.534797595501
33 264 0 0 0 12.369630314 -6.14649398889 -3.16735110676 0.87791128556
34 272 0 0 0 12.3615070243 -6.0036963355 -2.84919628418 0.994223752288
35 280 0 0 0 12.8335729295 -6.52642535552 -2.90439433437 0.970598356572
36 288 0 0 0 12.8892974233 -6.60011436707 -2.80215841527 0.821195860861
37 296 0 0 0 12.8848482537 -6.92532169497 -3.00389331409 0.803756718552
38 304 0 0 0 13.4968110981 -7.52683246671 -3.28485213223 1.11290172758
39 312 0 0 0 13.3664400276 -7.18214610086 -3.12353156601 1.19534200305
40 320 0 0 0 13.5091467669 -7.18861691231 -2.83522987662 1.21876608934
41 328 0 0 0 13.2961868078 -7.29173911495 -2.53569506386 1.06130808674
42 336 0 0 0 13.3768323511 -7.8391528124 -2.50238021705 1.06962506962
43 344 0 0 0 13.7356794957 -8.46628399984 -3.01377058372 1.24038054137
44 352 0 0 0 14.4331768884 -9.8396960003 -4.05312036505 1.32834679678
45 360 0 0 0 15.0645615066 -11.2691877382 -4.65269956202 1.36286141668
46 368 0 0 0 14.5670409185 -12.1540244008 -6.31772772186 1.46285752592
47 376 0 0 0 15.6654893034 -13.5085493544 -7.83517664719 1.42757764283
48 384 0 0 0 15.2479555178 -15.6698213965 -7.74458984866 1.2457970808
49 392 0 0 0 15.9327533913 -18.1366377337 -8.57589638761 1.64662103116
50 400 0 0 0 16.6530017474 -13.1668434825 -9.11506294826 1.63049327916
51 408 0 0 0 17.8225348398 -15.8434152601 -8.73619820713 2.38793747334
52 416 0 0 0 18.221246012 -19.692798369 -9.84845797707 2.56780299201
53 424 0 0 0 19.0321854033 -20.253993957 -9.35643213474 2.94863256143
54 432 0 0 0 20.1577825177 -20.126150893 -8.98000771321 3.15252676333
55 440 0 0 0 21.1748646412 -21.4725099544 -10.2547932751 3.45296044112
56 448 0 0 0 20.7100035152 -22.2884219122 -11.7142338954 3.26485165872
57 456 0 0 0 19.7010636113 -19.9332525904 -11.7495630507 3.20222062956
58 464 0 0 0 17.5518183615 -15.9631676791 -10.4680500304 2.85164993713
59 472 0 0 0 18.0786621843 -15.3107960321 -9.19885120866 3.17965898616
60 480 0 0 0 19.8468848725 -21.0315585128 -9.89138593787 3.81756747437
61 488 0 0 0 20.8075623915 -21.1313815789 -10.3577882413 4.37712913776
62 496 0 0 0 21.6736603074 -22.1899967881 -10.1918675715 4.85053473665
63 504 0 0 0 24.4506823465 -28.3794691652 -11.7179951473 5.19154603321
64 512 0 0 0 26.0828270462 -28.1556919541 -11.7228466222 5.92047225994
65 520 0 0 0 26.5452701326 -27.4933561677 -11.3550828746 6.31303634438
66 528 0 0 0 25.5108685252 -23.1522737537 -12.4902596168 6.6490890192
67 536 0 0 0 25.2963502517 -22.2702288489 -12.2319496236 6.57315430426
68 544 0 0 0 21.6153746928 -15.6128569306 -10.0308694446 5.19413115997
69 552 0 0 0 19.4514130482 -10.4585436808 -10.3365875304 4.70632648872
70 560 0 0 0 20.3112166813 -11.1298377403 -9.61771892895 5.00971129665
71 568 0 0 0 25.9736008064 -22.9594373082 -11.10449353 6.31055445259
