0.06648700702953647,
 0.07796987287292723,
 0.09039521550221252,
 0.07363992388854967,
 0.07712423200609919,
 0.07531871066294116,
 0.07715591564829083,
 0.07630491980035004,
 0.07799397029066313,
 0.07702114860785514,
 0.08041888452225976,
 0.07710548957038554,
 0.08322757244422974,
 0.07630804353902931,
 0.07786500448037259,
 0.08114939328061155,
 0.0796486596482282,
 0.080232798905854,
 0.07400406264605408,
 0.1098922577666599,
 0.07435659894417768,
 0.07690244651257672,
 0.08301248067709821,
 0.07637408831487846,
 0.07403530004012282,
 0.07736431368812191,
 0.07568552691191144,
 0.14432702159501787,
 0.07810954864635278,
 0.08077632955246372,
 0.07283846162135887,
 0.07686049915537296,
 0.08444359954773972,
 0.07990034379054123,
 0.0766253262072496,
 0.07658070135948947,
 0.07642317564750556,
 0.07957725989217579,
 0.07794443670991313,
 0.07614293160258967,
 0.07832954914647416,
 0.073868849356586,
 0.08860620535324415,
 0.07599745459901897,
 0.07564402580374008,
 0.079612959770202,
 0.07842013758727262,
 0.07989989754150884,
 0.0787387590007711,
 0.08150282207589044,
 0.07647360172541084,
 0.07383314947855979,
 0.08437621602752188,
 0.08140553990688204,
 0.07668869349163288,
 0.07527854830004799,
 0.07439810005325853,
 0.07999628721245244,
 0.07773514617292676,
 0.07565919825265155,
 0.07550479627843742,
 0.07688147283352009,
 0.09341721019791294,
 0.07519777732613875,
 0.07760975035125739,
 0.07541197659520549,
 0.08078346952879656,
 0.07722686915622035,
 0.07636873333194671,
 0.1056524509749579,
 0.07667664478231018,
 0.07612463541499892,
 0.08174781248999352,
 0.0766007825404813,
 0.08070135980869964,
 0.07352568427813821,
 0.08387329399192822,
 0.07655348020307429,
 0.1412376433790996,
 0.07957145866203064,
 0.07999494846717425,
 0.07611615669338789,
 0.08086290175742761,
 0.07639640073739429,
 0.07648966667056811,
 0.07459311063757923,
 0.07812248985283077,
 0.0767832981691754,
 0.077316565100773,
 0.07848796735652286,
 0.07988963382649672,
 0.07652492029956193,
 0.08026716003951151,
 0.13742177264157363,
 0.07528568827638082,
 0.0818843645247398,
 0.07549944129641517,
 0.08412631687951944,
 0.07812516734338715,
 0.07940947046336078,
 0.078399163908216,
 0.0779859378180845,
 0.09710590011854947,
 0.0744382624152422,
 0.07849956981590367,
 0.0810940584688069,
 0.07444807988213142,
 0.0782777843223812,
 0.07781948713545717,
 0.14224259495222213,
 0.08061925008860271,
 0.07991373124423262,
 0.0764432568284974,
 0.07465067669090786,
 0.07695198009332671,
 0.08046663310869917,
 0.07577611535361939,
 0.07725052032583335,
 0.08016050665264629,
 0.07560966467099206,
 0.07920330366687267,
 0.08154923191705166,
 0.0779725503634836,
 0.07853571594296227,
 0.07677392695040908,
 0.08120517434053909,
 0.0751794811376385,
 0.07811758111893141,
 0.07722106792698469,
 0.1407896099071877,
 0.14597947971014946,
 0.07511209761833015,
 0.07561234216245794,
 0.07827956931578228,
 0.07638792201760225,
 0.08158805553466664,
 0.1416504232220177,
 0.07340430469139392,
 0.07832240917014133,
 0.07899088939120702,
 0.07565964450077445,
 0.08231811804580502,
 0.07586715004254074,
 0.07811534987649793,
 0.07649279040924739,
 0.08294822089646914,
 0.07815015725827834,
 0.0816166154372695,
 0.0759813896538617,
 0.07426065552135697,
 0.0809360865077906,
 0.09189996537133993,
 0.13922506274229818,
 0.07804752010815719,
 0.07596755595022842,
 0.07765125145851925,
 0.0780086964905422,
 0.1420386593981675,
 0.08213515616989753,
 0.0753142481780742,
 0.07777396979054174,
 0.07665522485604015,
 0.07773336117861618,
 0.07722463791378686,
 0.08377154933896236,
 0.09412808402248629,
 0.0737220336086466,
 0.07499294927401934,
 0.07860756194804708,
 0.07799664778121951,
 0.07578816406294209,
 0.08036087221898924,
 0.07716439436990186,
 0.07779003473569901,
 0.08641289408205921,
 0.07674268955724983,
 0.07525132714272331,
 0.077366098681523,
 0.07811579612553032,
 0.07710281207982916,
 0.07815997472425806,
 0.07834695283690962,
 0.07771194125234615,
 0.07694751760845975,
 0.15679118784191814,
 0.0782402994500444,
 0.080523306665782,
 0.08311556407625176,
 0.07651822657317098,
 0.07694796385658265,
 0.07845048248327657,
 0.07655705019078596,
 0.07445254236699839,
 0.07793417299490102,
 0.07723356288352079,
 0.0744998447053149,
 0.07662130997141503,
 0.08040103458188241,
 0.07681765930192341,
 0.0772438265985329,
 0.07850983353182528,
 0.09856781013331783,
 0.07278535805198771,
 0.07911226897704182,
 0.08135913006481132,
 0.07833445787946403,
 0.07600459457444231,
 0.08000342718878528,
 0.08027206877159188,
 0.07829206427413737,
 0.07728265021614789,
 0.07753344186130562,
 0.0769649212998047,
 0.07526114460961253,
 0.07666013358903001,
 0.07669984970380028,
 0.07700374491741968,
 0.09064154466250329,
 0.07803904138654616,
 0.0784589612048876,
 0.07552309246602817,
 0.07993872115912382,
 0.07581850895894604,
 0.07955093123109691,
 0.07699838993539743,
 0.07683461674332648,
 0.07499473426742043,
 0.08214184989628848,
 0.0791631413039795,
 0.0771710880962928,
 0.07828269305537106,
 0.07648520418570115,
 0.07964821339919581,
 0.07950853762577026,
 0.08015559791965643,
 0.14502004548194236,
 0.07623530503769871,
 0.07783421333533624,
 0.08108870348769415,
 0.07551550624157244,
 0.08688993370560638,
 0.07359262154932367,
 0.07803190141112282,
 0.07814792601493536,
 0.07989722005004296,
 0.07639907822886016,
 0.07524552591348765,
 0.07651376408830401,
 0.0766980647094897,
 0.07424057433945563,
 0.08946791116431996,
 0.07820549206917349,
 0.07841299761184928,
 0.08795066633774695,
 0.08046083187855402,
 0.07564670329429646,
 0.08006500947794848,
 0.07953575878218544,
 0.07966695583581895,
 0.07777352354241884,
 0.07865843427498476,
 0.07478722872565413,
 0.07624244501312205,
 0.07864013808739401,
 0.07649055916681391,
 0.07880480377571075,
 0.077316565100773,
 0.09549181937290996,
 0.07599254586511961,
 0.14297845869350567,
 0.17791078957361606,
 0.07775031862092874,
 0.08022298143896478,
 0.07868074669841008,
 0.07927827341154625,
 0.07368945746929967,
 0.08246091755881935,
 0.1428784990339409,
 0.07832910289744177,
 0.08202805653399992,
 0.08233195174852881,
 0.07571854929938127,
 0.07948934894193371,
 0.07474394262317219,
 0.07890074719853146,
 0.0811061071781296,
 0.08124578295155516,
 0.07966026210851851,
 0.07435570644702238,
 0.08192497313666536,
 0.07822557325016533,
 0.07574220046899427,
 0.07910825274120725,
 0.0767217158791027,
 0.07852500597891776,
 0.07528434953019314,
 0.0803662272010115,
 0.07630715104278352,
 0.07770346253164462,
 0.11436679125927185,
 0.14436852270318923,
 0.07545570894581033,
 0.08531869281341642,
 0.08038452338860225,
 0.07858569577274466,
 0.07761510533237015,
 0.07927157968424581,
 0.07775254986336222,
 0.14243671304120653,
 0.07699035746281879,
 0.07683774048382475,
 0.0776088578541021,
 0.08247207377007726,
 0.07591802236947842,
 0.07826171937813342,
 0.07578013159036345,
 0.07963348720022623,
 0.0769774162572503,
 0.08197807670512702,
 0.07886906355633982,
 0.08252517733853892,
 0.08122034678854106,
 0.08535126895185385,
 0.07891413465313235,
 0.08138679747116839,
 0.08034436102570908,
 0.08023860013690864,
 0.07971470442316786,
 0.07728220396802499,
 0.07685871416106238,
 0.07682747676881263,
 0.07690244651348621,
 0.11906801897748664,
 0.08011320431432978,
 0.07383448822383798,
 0.08299686198097334,
 0.07592426984865597,
 0.07911316147328762,
 0.08121454555839591,
 0.07889806970797508,
 0.07961563725984888,
 0.14266429976487416,
 0.07716037813315779,
 0.08026314380276744,
 0.07689084405137692,
 0.07916715753981407,
 0.07666995105500973,
 0.14253310271215014,
 0.08843216844616109,
 0.07541554658291716,
 0.07815015725827834,
 0.0785200972459279,
 0.0845310642489494,
 0.08220923341650632,
 0.07972675313158106,
 0.08208428384205035,
 0.07548783883703436,
 0.07810196242280654,
 0.15139648998774646,
 0.08176164619271731,
 0.07494743192910391,
 0.08989586345433054,
 0.07710593581850844,
 0.0781546197431453,
 0.0774022448085816,
 0.0794179491849718,
 0.07841701384768385,
 0.14297042622092704,
 0.07940009924550395,
 0.07605725189478107,
 0.1407387375811595,
 0.07857587830585544,
 0.07485728973642836,
 0.07727640273787983,
 0.0847015311674113,
 0.07699214245712938,
 0.07761465908424725,
 0.07831125295797392,
 0.07658070135948947,
 0.07807697250700585,
 0.08007170320615842,
 0.10252781913004583,
 0.0735520129383076,
 0.07790115060743119,
 0.08844644839791727,
 0.09990253933210624,
 0.0749612656318277,
 0.07774451739169308,
 0.07633258720579761,
 0.07748167703721265,
 0.07851384976765985,
 0.07875214645537199,
 0.07910736024405196,
 0.08006679447225906,
 0.07976736174350663,
 0.0799418448978031,
 0.07977985670004273,
 0.07707737591590558,
 0.07530666195452795,
 0.08001681464247667,
 0.13981098699423455,
 0.07691494147002231,
 0.0785798945425995,
 0.07726167653800076,
 0.07989409631136368,
 0.07858480327558937,
 0.07772488245791465,
 0.09452390642400132,
 0.07885344485930545,
 0.08083523435198003,
 0.07891591964653344,
 0.07743258970458555,
 0.08274205409907154,
 0.07873965149792639,
 0.09602776379506395,
 0.07951835509174998,
 0.0752281222221427,
 0.08229268188188144,
 0.0793095108047055,
 0.07944026160930662,
 0.07602378325918835,
 0.14654086029531754,
 0.1471540057054881,
 0.07643567060404166,
 0.07620317514738417,
 0.07700374491741968,
 0.0739652390284391,
 0.07809125245876203,
 0.14101184164974256,
 0.07835944779435522,
 0.09307761510535784,
 0.07775656610010628,
 0.14382766954713588,
 0.14569745067183248,
 0.0801841578222593,
 0.07503712787274708,
 0.07787839193406398,
 0.07613266788757755,
 0.07648698918001173,
 0.07426288676379045,
 0.08089904788448621,
 0.07982537404586765,
 0.07730853262819437,
 0.08373138697606919,
 0.0760175357800108,
 0.0739165979448444,
 0.1081175275694477,
 0.14988817013181688,
 0.08511252601692831,
 0.0833654632242542,
 0.07502463291621098,
 0.07553558742438327,
 0.07609205927656149,
 0.07816175971856865,
 0.08032695733436412,
 0.07758342169017851,
 0.08108691849338356,
 0.07539501915289293,
 0.07736788367583358,
 0.08491394544398645,
 0.08272331166335789,
 0.07599522335658548,
 0.07744910089786572,
 0.07852946846378472,
 0.08051884418091504,
 0.0781921046154821,
 0.07774005490682612,
 0.0808405893330928,
 0.08253811854501691,
 0.08947772863029968,
 0.07817737841469352,
 0.0803166936202615,
 0.08050590297534654,
 0.07900383059677552,
 0.07776192108212854,
 0.07698767997226241,
 0.0794188416821271,
 0.07516252369532594,
 0.07636784083570092,
 0.11897743053759768,
 0.07982358905155706,
 0.14527619210821285,
 0.07722776165337564,
 0.07598986837456323,
 0.07654410898430797,
 0.07755843177528732,
 0.080256450075467,
 0.0759336410656033,
 0.07665076237117319,
 0.08090172537504259,
 0.08097000139241572,
 0.07739956731802522,
 0.07862630438467022,
 0.07819567460319377,
 0.08025421883303352,
 0.08161527669199131,
 0.0777797710206869,
 0.07770881751275738,
 0.07830143549290369,
 0.08056123778624169,
 0.08110967716584128,
 0.08117259820210165,
 0.07953263504350616,
 0.07761822907195892,
 0.0752285684702656,
 0.07440033129478252,
 0.07911271522607422,
 0.07615810405059165,
 0.07648922042153572,
 0.07761376658709196,
 0.14043841235525178,
 0.1433881147959255,
 0.08029571994120488,
 0.07578191658376454,
 0.07984991771172645,
 0.07799530903594132,
 0.07766731640458602,
 0.07376353471590846,
 0.08297544205379381,
 0.08005519201196876,
 0.07852411348267196,
 0.07644861181051965,
 0.07543964400065306,
 0.08143722354907368,
 0.08548826723472303,
 0.08090484911463136,
 0.07760751910882391,
 0.07451010842032701,
 0.08410846694005158,
 0.07634017342934385,
 0.14248624662195652,
 0.08710591796807421,
 0.07542447155174159,
 0.07673019459980424,
 0.07525891336717905,
 0.0842405564890214,
 0.07670609718297783,
 0.07517278741033806,
 0.08015693666493462,
 0.07686049915537296,
 0.07774139365119481,
 0.07924301978164294,
 0.07624155251596676,
 0.0770251648445992,
 0.07553335618104029,
 0.07860354571221251,
 0.07809660744078428,
 0.07842370757498429,
 0.07914038263152179,
 0.07748390827964613,
 0.07727595648884744,
 0.08136582379211177,
 0.07804171887801203,
 0.07931843577443942,
 0.07872715654048079,
 0.07919839493297332,
 0.08242655642516183,
 0.07638970701100334,
 0.08013194675004343,
 0.07964151967189537,
 0.14736686622927664,
 0.10637314226732997,
 0.08311779531868524,
 0.0750701502611264,
 0.08261398078593629,
 0.07598986837456323,
 0.0775365655999849,
 0.07928630588412489,
 0.0759461360230489,
 0.07951969383793767,
 0.07776325982740673,
 0.07849153734332504,
 0.07827019809883495,
 0.07915867881820304,
 0.1472503953764317,
 0.08140018492485979,
 0.07734780249393225,
 0.09579616083465226,
 0.081336817641386,
 0.08048046681233245,
 0.08026359005089034,
 0.082479659994533,
 0.08357832374713325,
 0.14378572219084162,
 0.17839586167065136,
 0.07589213995743194,
 0.07538029295301385,
 0.07687076287038508,
 0.07847770364151074,
 0.14445464866003022,
 0.0765159953307375,
 0.0808999403816415,
 0.07674358205440512,
 0.14140454031075933,
 0.07641291193249344,
 0.07911271522607422,
 0.07988963382649672,
 0.08008062817498285,
 0.14542166911178356,
 0.08173397878726973,
 0.0759077586544663,
 0.07653563026360644,
 0.08032383359568485,
 0.07841210511469399,
 0.08050099424235668,
 0.07954557624998415,
 0.08751735906571412,
 0.07759502415137831,
 0.07551773748400592,
 0.08050813421687053,
 0.07842906255700655,
 0.07695555008194788,
 0.07926265471451188,
 0.07707916091021616,
 0.07661461624411459,
 0.07844066501729685,
 0.08233016675421823,
 0.07828670929302461,
 0.1383954868215369,
 0.0790422079662676,
 0.07674135081197164,
 0.07921088989041891,
 0.1504080496088136,
 0.08180359354992106,
 0.08206375641293562,
 0.14837494154107844,
 0.07718626054429478,
 0.07867940795313189,
 0.07926890219277993,
 0.0753495018079775,
 0.0792483747627557,
 0.07673688832801417,
 0.08427759511414479,
 0.07555745359877619,
 0.07886236982903938,
 0.07917786750294908,
 0.07749640323709173,
 0.08364258352867182,
 0.07986375141535973,
 0.07893823207086825,
 0.07744954714689811,
 0.14095338309925864,
 0.10597464237707754,
 0.07525578962759027,
 0.07751871566051705,
 0.08091645157492167,
 0.07441862748237327,
 0.07456455073497636,
 0.0797338931079139,
 0.07759993288436817,
 0.07865486428727309,
 0.07897616319132794,
 0.14179411523218732,
 0.08094367273133685,
 0.07614248535355728,
 0.08112663460815384,
 0.07515449122274731,
 0.07651331784018112,
 0.07488986587577529,
 0.07736342119096662,
 0.07755709303000913,
 0.07793417299399152,
 0.07920731990270724,
 0.08369747209144407,
 0.07662934244399366,
 0.08449179438230203,
 0.13898765855265083,
 0.08148050965155562,
 0.08224136330682086,
 0.14430515541971545,
 0.07863344436009356,
 0.0738072670674228,
 0.07467879034538782,
 0.07926800969653414,
 0.07735895870609966,
 0.07943178288769559,
 0.07561278841058083,
 0.0747791962530755,
 0.08485593314162543,
 0.08097981885839545,
 0.07510138765428565,
 0.07788196192268515,
 0.07461140682516998,
 0.0788106050058559,
 0.07798281407849572,
 0.07756958798836422,
 0.0778877631528303,
 0.0769899112146959,
 0.07789445687922125,
 0.07654410898430797,
 0.07918099124253786,
 0.09817511147230107,
 0.07761510533237015,
 0.07708540838848421,
 0.08097803386408486,
 0.07999003973418439,
 0.07586625754629495,
 0.07711932327310933,
 0.07665433235888486,
 0.07599031462268613,
 0.07537672296530218,
 0.08395986619689211,
 0.07661461624502408,
 0.08100704001572012,
 0.07895295826983784,
 0.07996995855228306,
 0.07815194225167943,
 0.0801105268228639,
 0.07721392795065185,
 0.14695497888351383,
 0.07954513000095176,
 0.08088610667800822,
 0.07950095140131452,
 0.07505944029799139,
 0.08470465490700008,
 0.07823851445664332,
 0.08036310346233222,
 0.07827466058279242,
 0.07927514967195748,
 0.1429369575853343,
 0.07839961015724839,
 0.07863344436009356,
 0.07825368690555479,
 0.07639952447698306,
 0.10623123525147093,
 0.08099142131868575,
 0.08102712119762145,
 0.09083030776855594,
 0.07539189541330416,
 0.07673108709786902,
 0.07899936811190855,
 0.14287314405282814,
 0.07866735924380919,
 0.07724605784096639,
 0.08197763045609463,
 0.07948979519005661,
 0.08377467307855113,
 0.08128326782389195,
 0.0737479160188741,
 0.07583457390410331,
 0.08586400845433673,
 0.07673733457613707,
 0.07964821339919581,
 0.07737100741542235,
 0.08121454555839591,
 0.07848885985276866,
 0.0795884161034337,
 0.08164249784931599,
 0.07927381092667929,
 0.07548650009084668,
 0.15424355527920852,
 0.07448377976015763,
 0.07694751760845975,
 0.0769051240031331,
 0.07783867582020321,
 0.07712780199381086,
 0.13790595224054414,
 0.08336323198182072,
 0.07660479877813486,
 0.0777172962343684,
 0.08248099873981118,
 0.08012614551989827,
 0.07787705318969529,
 0.08023681514259806,
 0.07985170270603703,
 0.07925372974477796,
 0.07578013159036345,
 0.14668276731208607,
 0.1413237693359406,
 0.0817870823557314,
 0.07652135031185026,
 0.07988204760295048,
 0.08618262986692571,
 0.11060000785346347,
 0.0762723436619126,
 0.07974906555591588,
 0.08226769196699024,
 0.14349075194695615,
 0.07787035946239484,
 0.0835118327249802,
 0.10584299907532113,
 0.0798191265666901,
 0.07716751810858113,
 0.07748881701354549,
 0.07696001256590534,
 0.07814881851300015,
 0.07893733957371296,
 0.07438203510719177,
 0.08223377708236512,
 0.11577515145654615,
 0.07573550674260332,
 0.14531769321638421,
 0.07775745859726158,
 0.07410848478957632,
 0.07873117277722486,
 0.07974951180403878,
 0.08259211461063387,
 0.0761389153658456,
 0.0790671978802493,
 0.07830991421360523,
 0.07652224280900555,
 0.08329718720688106,
 0.08236140414828697,
 0.07319858414302871,
 0.07941437919635064,
 0.07879230881826516,
 0.07986062767577096,
 0.14321452413787483,
 0.0821150749870867,
 0.07597871216239582,
 0.0761273129064648,
 0.07972362939290178,
 0.07808902121632855,
 0.0781059786586411,
 0.0764423643322516,
 0.08184018592510256,
 0.08435122611263068,
 0.07848796735561336,
 0.0780952686945966,
 0.07711486078915186,
 0.14023804678890883,
 0.07611704919145268,
 0.08968835791256424,
 0.07947328399586695,
 0.07864906305712793,
 0.08337304944780044,
 0.1467510433285497,
 0.07524686465876584,
 0.08293840343048942,
 0.08029170370537031,
 0.08056079153811879,
 0.08123105675167608,
 0.17790900458021497,
 0.07700642240797606,
 0.0817745873982858,
 0.07825011691693362,
 0.07762358405307168,
 0.07965356838121807,
 0.09540747841037955,
 0.07677258820604038,
 0.07821798702661908,
 0.08503354003642016,
 0.07646556925192272,
 0.07727595648884744,
 0.07998780849084142,
 0.07801048148485279,
 0.07812070485852018,
 0.07977762545760925,
 0.0777672760632413,
 0.078689671668144,
 0.08023904638503154,
 0.08503532502982125,
 0.07797701284835057,
 0.0812886228059142,
 0.0821382799085768,
 0.07937510933152225,
 0.08023815388787625,
 0.07911583896566299,
 0.07631384477008396,
 0.07635356088394474,
 0.07851384976765985,
 0.08098383509513951,
 0.14334259745191957,
 0.07839916390912549,
 0.08824162034579786,
 0.07776281357928383,
 0.0745123396627605,
 0.08519686697854922,
 0.08134172637437587,
 0.07550256503600394,
 0.07949961265694583,
 0.10104404293906555,
 0.14454032836692932,
 0.08222842210125236,
 0.08365329349180683,
 0.07925729973248963,
 0.07935368940343324,
 0.07731254886493844,
 0.07740045981427102,
 0.07929835459253809,
 0.07853794718539575,
 0.1458781813053065,
 0.08187320831257239,
 0.07703364356530074,
 0.14569789691995538,
 0.08198298543811688,
 0.08060363139156834,
 0.07898910439689644,
 0.08048894553212449,
 0.07759547039950121,
 0.15206809394749143,
 0.1426464498254063,
 0.07523347720416496,
 0.08287682113950723,
 0.07580065902038768,
 0.07923989604205417,
 0.07822914323878649,
 0.08002484711505531,
 0.08039880333944893,
 0.1440806924347271,
 0.08108691849338356,
 0.08369033211602073,
 0.07764054149538424,
 0.0913943658451899,
 0.0798673214021619,
 0.07851652725821623,
 0.07802520768382237,
 0.1404602785305542,
 0.07411785600834264,
 0.07352256053854944,
 0.0762004976559183,
 0.07472609268461383,
 0.07660881501396943,
 0.14429623044907203,
 0.0793702005976229,
 0.08140598615591443,
 0.07598897587740794,
 0.08060273889441305,
 0.1442266156873302,
 0.10401114907199371,
 0.14226713861899043,
 0.07829251052226027,
 0.08286209493962815,
 0.07812784483394353,
 0.0768310467565243,
 0.07596130847196036,
 0.07865977301935345,
 0.15262411955154676,
 0.07690066151826613,
 0.07702204110501043,
 0.14192843602359062,
 0.14050267213588086,
 0.14492856454307912,
 0.07923052482419735,
 0.08272643540294666,
 0.1862717010635606,
 0.07857855579732131,
 0.075119237592844,
 0.07933807070639887,
 0.07637364206584607,
 0.14173030169968115,
 0.07802342269042128,
 0.08112618836003094,
 0.0795397750189295,
 0.08011409681057557,
 0.07679400813231041,
 0.1427459632359387,
 0.08580554990294331,
 0.07873965149792639,
 0.07823762195948802,
 0.07973790934374847,
 0.07842638506554067,
 0.07887575728364027,
 0.07742009474804945,
 0.0821155212361191,
 0.07927738091439096,
 0.07752719438212807,
 0.08365016975221806,
 0.07796407164278207,
 0.08056570027110865,
 0.07841835259387153,
 0.07607019310034957,
 0.07762804653884814,
 0.07711530703636527,
 0.08106594481523643,
 0.07732236633091816,
 0.08002440086693241,
 0.11039116356641898,
 0.14413691974277754,
 0.07366312880913028,
 0.08748969165935705,
 0.0761023229906641,
 0.07755575428473094,
 0.07339627221790579,
 0.0795402212679619,
 0.07648832792528992,
 0.07665611735319544,
 0.07730005390749284,
 0.08099945379217388,
 0.14624678254858736,
 0.0865842534976764,
 0.07824743942637724,
 0.0778507245295259,
 0.08018058783454762,
 0.07753968933957367,
 0.0780220839442336,
 0.08416201675754564,
 0.08586356220530433,
 0.08160144298926753,
 0.07836435652734508,
 0.0860014529853288,
 0.07744329966863006,
 0.0785450871608191,
 0.0786655742504081,
 0.07736208244477893,
 0.07825547189895588,
 0.07597737341711763,
 0.08352432768242579,
 0.14325200901112112,
 0.07942062667552818