0.017731683284949895,
 0.019623776832929707,
 0.018517526855248434,
 0.021906337799379116,
 0.020211486078835605,
 0.02082775522737279,
 0.019969619403582328,
 0.016621417070979305,
 0.019609943130092233,
 0.018123489448896635,
 0.02238650116203189,
 0.022247717885278462,
 0.018500123164585602,
 0.01983663735708774,
 0.01852109684304537,
 0.018633551459600994,
 0.021749704583498897,
 0.01805833717108385,
 0.018437202129121033,
 0.021211082670220094,
 0.01602478285548159,
 0.023884111055167523,
 0.018567506684803448,
 0.018128844430634672,
 0.018673267574143892,
 0.01840551848718519,
 0.020254325932739903,
 0.020446212778409745,
 0.01649825249097603,
 0.021381995837373324,
 0.017417970604725497,
 0.017854401616489213,
 0.0213498659469451,
 0.018363571130237233,
 0.016574560980728847,
 0.017846815392374538,
 0.01719930885036547,
 0.01695922716902487,
 0.021405200758266574,
 0.017640202346910883,
 0.019818787417932526,
 0.01653172112682455,
 0.018878988122651208,
 0.019647874250750874,
 0.020233352254280135,
 0.017896348973465592,
 0.02129586988107235,
 0.017708032115592687,
 0.017574157572113336,
 0.02020613109709757,
 0.017642433589315942,
 0.019145844712681992,
 0.01848495071632783,
 0.019999071803141533,
 0.01751123653670561,
 0.017323365927325085,
 0.01684498755858499,
 0.01860231406612911,
 0.017968641226929094,
 0.018146694369761462,
 0.02037704426427922,
 0.017128801590786225,
 0.026520993313397412,
 0.020344468125358617,
 0.0177227583153865,
 0.022981796632080886,
 0.01850637064327998,
 0.01770713961866477,
 0.016701741797049863,
 0.018998136466365168,
 0.018418459693037903,
 0.0204127441425328,
 0.02250475700876109,
 0.0178427991560568,
 0.017398335671657605,
 0.021210190173235333,
 0.01912576353115014,
 0.018260041483245004,
 0.01948454730771232,
 0.019375662678982053,
 0.017857525355850612,
 0.016543769835749345,
 0.01950105850139039,
 0.02018114118232006,
 0.017968641226929094,
 0.01715646899646117,
 0.01774239324842597,
 0.01838677605107364,
 0.0192078732511618,
 0.01942073377529141,
 0.01877099599087728,
 0.01996203317943923,
 0.018556350472834993,
 0.021575221428491886,
 0.01770223088539069,
 0.018458175807609223,
 0.016326893075301996,
 0.017363528290360364,
 0.017845476646925817,
 0.022616319128331952,
 0.019174850863748816,
 0.02039891043972375,
 0.01814981810912286,
 0.017483569131030663,
 0.018359108645427114,
 0.018506816891743938,
 0.01744653050732836,
 0.0179168764034614,
 0.018550549242632997,
 0.017036428155790873,
 0.023416888898395882,
 0.01612206502377944,
 0.018160528072598936,
 0.019824588648162944,
 0.017384055720356173,
 0.022163823171382546,
 0.019703209062043925,
 0.01961663685727899,
 0.017384501968848554,
 0.017247503686007803,
 0.01987055224142864,
 0.019240449390053982,
 0.016836062589021594,
 0.0172965910186349,
 0.016699956803137184,
 0.01906998247136471,
 0.019725075237488454,
 0.020856315129975656,
 0.019349334018784248,
 0.0195215859313862,
 0.01750900529430055,
 0.01749160160363772,
 0.02211652083266813,
 0.018375173590669647,
 0.02200138872527191,
 0.019569780767028533,
 0.018553226733502015,
 0.01934531778246651,
 0.016920403551438312,
 0.019098988622431534,
 0.018263165222606403,
 0.017205110080567465,
 0.017750871969525406,
 0.02227270780005597,
 0.01776113568453752,
 0.019815663678571127,
 0.01647281632770614,
 0.017485800373435723,
 0.020913434935181385,
 0.018556350472863414,
 0.016849896291859068,
 0.01654912481748738,
 0.01922661568724493,
 0.019004383945031122,
 0.01987189098684894,
 0.01612117252679468,
 0.016133667484211855,
 0.018184625490420103,
 0.01730953222448761,
 0.017518822760820285,
 0.024935026221555745,
 0.01990759086510252,
 0.021329784765441673,
 0.016291193197019993,
 0.017874929046513444,
 0.02112138672606534,
 0.017748194478656387,
 0.01999014683360656,
 0.02365384684037508,
 0.019957124446193575,
 0.022104025875279376,
 0.0181520493514995,
 0.019258299329180772,
 0.018356877403050476,
 0.01772454330929918,
 0.01793428009409581,
 0.01940288383616462,
 0.01887274064395683,
 0.01848628946177655,
 0.019723290243575775,
 0.018898623055690678,
 0.020001303045546592,
 0.01805432093476611,
 0.01957825948815639,
 0.01862105650218382,
 0.018578662896771903,
 0.019668401680746683,
 0.019623776832901285,
 0.018109655746087583,
 0.01776024318758118,
 0.0179182151488817,
 0.020327956931680546,
 0.01949748851356503,
 0.016365270444424596,
 0.01749427909453516,
 0.01713549531794456,
 0.018360447390875834,
 0.024623098535215604,
 0.01946089613835511,
 0.021659562390880183,
 0.017500526573201114,
 0.019370753945736396,
 0.01850726314023632,
 0.019278826759205003,
 0.017267138619047273,
 0.017825395465393967,
 0.01974917265530962,
 0.01727650983710305,
 0.017241256207313427,
 0.021476600514802158,
 0.019388157636370806,
 0.01659553465924546,
 0.018130183176083392,
 0.019613959366409972,
 0.018261826477157683,
 0.019622884335973367,
 0.01612474251462004,
 0.01774774823019243,
 0.018673713822636273,
 0.019934365773792706,
 0.021033922024344065,
 0.02677713993995212,
 0.01781825548974325,
 0.016998497035132232,
 0.018373388596728546,
 0.019628239317682983,
 0.018480041983053752,
 0.019262761813990892,
 0.01799586238411166,
 0.01723590122557539,
 0.017130140336234945,
 0.02063095964842887,
 0.017746409484743708,
 0.02063229839384917,
 0.016849003794902728,
 0.01874020484589778,
 0.020403819172969406,
 0.0186228414960965,
 0.016761539093153033,
 0.01973355395858789,
 0.01700072827750887,
 0.018260487731737385,
 0.021483294241960493,
 0.01666604191879628,
 0.019467143617049487,
 0.018374727342177266,
 0.016872654964231515,
 0.01711764537884619,
 0.0210035771278001,
 0.018863369425901055,
 0.017381378229487154,
 0.02129854737196979,
 0.017560770117768243,
 0.02012357512859353,
 0.01776158193300148,
 0.02036053307060115,
 0.0183104675612924,
 0.016659348191609524,
 0.01816811429671361,
 0.02112406421696278,
 0.017201093844278148,
 0.017537565196903415,
 0.016948070957084838,
 0.015612449261539041,
 0.019355135248986244,
 0.01739253444145561,
 0.01703999814358781,
 0.01751123653667719,
 0.016859713758378803,
 0.017247949934500184,
 0.022500740772471772,
 0.020254772181232283,
 0.017707585867128728,
 0.021124956713890697,
 0.017161377729678406,
 0.03307325972019726,
 0.018413550959763825,
 0.02000621177882067,
 0.01737379200537248,
 0.015821739797871714,
 0.01853939303066454,
 0.02000531928186433,
 0.01633715679028569,
 0.01947651483507684,
 0.015823524791784394,
 0.01750989779125689,
 0.023592264550387654,
 0.018873186892449212,
 0.01737468450232882,
 0.017608072456454238,
 0.017749533224076686,
 0.020482805153648087,
 0.020988404679542327,
 0.020170877467307946,
 0.01848450446783545,
 0.01811099449150788,
 0.01912442478570142,
 0.02375291400255719,
 0.01600291668003706,
 0.019493918525739673,
 0.017240363710357087,
 0.016498252490947607,
 0.01963627179031846,
 0.018372496099772206,
 0.01873797360349272,
 0.018627303980878196,
 0.01799407739019898,
 0.018458622056101603,
 0.023548085951006215,
 0.01748847786430474,
 0.018734403615695783,
 0.01597034054114488,
 0.01766653100713711,
 0.024499933955212327,
 0.016442471431190597,
 0.017730344539501175,
 0.016485311285094895,
 0.01741440061690014,
 0.019075337453102748,
 0.02045826148733454,
 0.016111355060274946,
 0.019996394312300936,
 0.01937834016985107,
 0.01887407938940555,
 0.023001877813584315,
 0.017824502968437628,
 0.018536269291331564,
 0.02150917665369434,
 0.018694687501124463,
 0.019553715821842843,
 0.02449591771892301,
 0.01737468450232882,
 0.0184983381706445,
 0.01836892611197527,
 0.02024316972079987,
 0.01762190615929171,
 0.016994480798842915,
 0.02117404404648937,
 0.017420201847130556,
 0.02016329124319327,
 0.016869977473362496,
 0.018964667830459803,
 0.018384544808697,
 0.01662811079813764,
 0.018766979754616386,
 0.019239110644633683,
 0.019506413483128426,
 0.016999835780580952,
 0.018246654028928333,
 0.019747833909889323,
 0.021145930392378887,
 0.017600039983875604,
 0.021870191672633155,
 0.01961574436029423,
 0.019005276441987462,
 0.017845922895389776,
 0.017914198912592383,
 0.022242362903540425,
 0.018986087757440373,
 0.018999921460277847,
 0.02009055274123739,
 0.017542473930177493,
 0.017484907876479383,
 0.02387206234627115,
 0.02022531978167308,
 0.018196674199344898,
 0.018696026246573183,
 0.016345635511385126,
 0.019627793069219024,
 0.019249820608109758,
 0.016619185828574246,
 0.020544387443635515,
 0.015446891076095426,
 0.0180351322501906,
 0.02144982560608355,
 0.01854474801240258,
 0.018748237318504835,
 0.018750022312417514,
 0.017620121165379032,
 0.02435847318758988,
 0.022755548653577762,
 0.01770847836411349,
 0.017670100994962468,
 0.01674770539034398,
 0.01848495071632783,
 0.019509537222461404,
 0.01637687290485701,
 0.017870912810167283,
 0.020608647224520382,
 0.018636675198933972,
 0.01874109734288254,
 0.020365888052310765,
 0.021128080453252096,
 0.019993270572939537,
 0.017013669483390004,
 0.018749129815461174,
 0.019629131814639322,
 0.019613959366409972,
 0.018631766465688315,
 0.01764868106801032,
 0.01598952922572039,
 0.017164055220575847,
 0.018790184675452792,
 0.017376469496241498,
 0.020596598515595588,
 0.01977237757620287,
 0.02041452913644548,
 0.02102544330324463,
 0.017368437023634442,
 0.017501419070157453,
 0.018119919461071277,
 0.016623202064863563,
 0.02162743250048038,
 0.021004915873220398,
 0.018749129815461174,
 0.018171238036103432,
 0.01807440211626954,
 0.01674904413576428,
 0.020194974885129113,
 0.017845922895389776,
 0.01916414090027274,
 0.01803736349259566,
 0.01598506674091027,
 0.019958909440106254,
 0.0201449950555741,
 0.017616997426017633,
 0.01727293984927769,
 0.016249692088564416,
 0.016622755816399604,
 0.0173720070114598,
 0.020744306761912412,
 0.017305962236662253,
 0.01694182347839046,
 0.021869745424169196,
 0.017340769617987917,
 0.020818830257780974,
 0.019585845712271066,
 0.018377404833046285,
 0.016744581650982582,
 0.020129822607316328,
 0.01811634947324592,
 0.020510026310802232,
 0.019555500815755522,
 0.016661579434014584,
 0.016263525791373468,
 0.018978501533325698,
 0.02014276381316904,
 0.01985091730836075,
 0.01840730348109787,
 0.017113629142528453,
 0.02099956089148236,
 0.020506010074512915,
 0.015611110516118742,
 0.018372496099772206,
 0.01710158043363208,
 0.01862239524763254,
 0.02178361946786822,
 0.020618018442547736,
 0.018968237818313582,
 0.01680214770465227,
 0.017713387097359146,
 0.0190124164176666,
 0.02049753135341348,
 0.017807545526267177,
 0.01850190815849828,
 0.01750632780343153,
 0.016861052503827523,
 0.019259191826137112,
 0.019240003141590023,
 0.019503735992259408,
 0.018999921460277847,
 0.017849939131707515,
 0.019642519268984415,
 0.022378022440932455,
 0.020577856079512458,
 0.01965189048704019,
 0.017226530007548035,
 0.01862194899916858,
 0.01565796660634078,
 0.020111526419697157,
 0.018335457476069905,
 0.019547468343120045,
 0.01549508591173776,
 0.017867789070862727,
 0.021756844559178035,
 0.019234648159823564,
 0.02697393551886762,
 0.01901197016917422,
 0.045020670229519055,
 0.030112401066702432,
 0.018496106928296285,
 0.031767536672703045,
 0.02315404854471126,
 0.018085558328237994,
 0.017485354124943342,
 0.016388029116825464,
 0.01785797160431457,
 0.019761667612726797,
 0.019505074737679706,
 0.02010260145013376,
 0.01674815163880794,
 0.02002406171794746,
 0.022072788481807493,
 0.018148925612166522,
 0.018135538157793007,
 0.01635902296573022,
 0.019388603884863187,
 0.019995948063808555,
 0.019563979536826537,
 0.019431889987259865,
 0.020245847211640466,
 0.016251030833984714,
 0.016872654964231515,
 0.018233712823018777,
 0.017497849082332095,
 0.020875950063015125,
 0.01670620428183156,
 0.018057444674099088,
 0.019180652093979234,
 0.01852466683089915,
 0.01986965974444388,
 0.019270794286597948,
 0.018625518986965517,
 0.016869084976406157,
 0.019385926393965747,
 0.018118580715650978,
 0.01961797560269929,
 0.018430954650426656,
 0.01981253993923815,
 0.019796474993995616,
 0.017211357559261842,
 0.019995948063808555,
 0.017494279094506737,
 0.017124339106004527,
 0.019860288526416525,
 0.018746006076128197,
 0.018397039766114176,
 0.028987854901401988,
 0.02049530011100842,
 0.018205599168908293,
 0.02115931784672398,
 0.020678708235607246,
 0.02034268313147436,
 0.01959923316661616,
 0.01887229439546445,
 0.017612981189728316,
 0.01674547414793892,
 0.020758140464721464,
 0.017753549460394424,
 0.01737423825386486,
 0.019959801937062593,
 0.01549954839654788,
 0.01778210936299729,
 0.02086077761472893,
 0.01838588355414572,
 0.016109570066362267,
 0.0167485978872719,
 0.017887870252366156,
 0.022570355535094677,
 0.019291767965086137,
 0.0162394283735523,
 0.019135134749205918,
 0.01658839468356632,
 0.018236390313887796,
 0.022671207691189466,
 0.018859799438075697,
 0.018593389096537294,
 0.018127951933678332,
 0.01827075144672108,
 0.021249906287806652,
 0.019385480145501788,
 0.01869781124045744,
 0.01965992295967567,
 0.021462320563472304,
 0.019211443238987158,
 0.0191708346274595,
 0.01889594556482166,
 0.019758990121829356,
 0.017384948217312512,
 0.018356431154558095,
 0.02149132671459597,
 0.01762369115320439,
 0.019215013226812516,
 0.017789695587140386,
 0.018960651594170486,
 0.01907399870768245,
 0.018461299546970622,
 0.01973489270403661,
 0.019123532288745082,
 0.020642562108889706,
 0.02105623444822413,
 0.021308811086953483,
 0.01748624662189968,
 0.017496510336883375,
 0.017383163223399833,
 0.017749086975612727,
 0.019873675980761618,
 0.020997329649105723,
 0.0198727834838337,
 0.015743646314177795,
 0.017986044917591926,
 0.019260530571585832,
 0.019249820608109758,
 0.020112418916653496,
 0.018098499534119128,
 0.0166687194096653,
 0.017360404551027386,
 0.019875460974674297,
 0.019370307697244016,
 0.019249820608109758,
 0.016732532942057787,
 0.018512618121974356,
 0.018322516270217193,
 0.018381867317827982,
 0.01727517109165433,
 0.019514445955763904,
 0.015995330455922385,
 0.021124510465426738,
 0.01737022201754712,
 0.01887274064395683,
 0.01770089213994197,
 0.0166687194096653,
 0.017109612906210714,
 0.023711412894101613,
 0.01953675837964397,
 0.01674547414793892,
 0.018999921460277847,
 0.018756269791140312,
 0.01825156276217399,
 0.018248439022841012,
 0.019764345103567393,
 0.01662811079813764,
 0.018005679850631395,
 0.018467993274128958,
 0.01883659451721087,
 0.020148118794907077,
 0.01758442128712545,
 0.01879777089959589,
 0.015879305851569825,
 0.01723456248015509,
 0.018257810240868366,
 0.020660412047988075,
 0.02082641648189565,
 0.02879105932248649,
 0.01992901079205467,
 0.019369415200287676,
 0.024642733468283495,
 0.01898876524830939,
 0.018862030680480757,
 0.017767829411695857,
 0.019000367708770227,
 0.02164438994262241,
 0.01922572319028859,
 0.01584940720351824,
 0.016777157789903185,
 0.019370307697244016,
 0.018082880837397397,
 0.02000487303337195,
 0.016652208215958808,
 0.01821140039911029,
 0.017168517705357544,
 0.018490305698065868,
 0.018758501033488528,
 0.016617847083153947,
 0.020365888052310765,
 0.017250181176905244,
 0.018267181458924142,
 0.016109123817898308,
 0.018869170656131473,
 0.01922438444483987,
 0.01862194899916858,
 0.017031519422516794,
 0.017998986123444638,
 0.01712166161513551,
 0.019746941412932983,
 0.01848852070415319,
 0.016955657181199513,
 0.01805253594085343,
 0.01862105650218382,
 0.018264950216519082,
 0.01844612709868443,
 0.016656224452276547,
 0.018402840996316172,
 0.019937043264661725,
 0.018014604820223212,
 0.02051448879558393,
 0.017621459910827753,
 0.017770060654100917,
 0.020153920025137495,
 0.019943290743384523,
 0.020248524702509485,
 0.018696918743529523,
 0.01885310571091736,
 0.017596469996050246,
 0.021030352036518707,
 0.01567670904242391,
 0.027631705775888804,
 0.01873797360352114,
 0.01725865989797626,
 0.02262212035856237,
 0.016498698739439988,
 0.02074519925886875,
 0.01949838101052137,
 0.01598595923789503,
 0.01926320806245485,
 0.018610792787200126,
 0.01750588155493915,
 0.021250798784762992,
 0.0183122525552335,
 0.01729302103080954,
 0.01825022401672527,
 0.01756924883886768,
 0.022295912720949218,
 0.018371603602815867,
 0.018126166939765653,
 0.01850503189785968,
 0.01899188898767079,
 0.016233627143350304,
 0.02422682988651559,
 0.0182720901921698,
 0.01674681289335922,
 0.016371517923147394,
 0.01863890644133903,
 0.020274407114271753,
 0.019433674981172544,
 0.019533188391818612,
 0.0197478339098609,
 0.016636143270744697,
 0.017600486232339563,
 0.021619400027844904,
 0.01713861905730596,
 0.019844223581202414,
 0.019770592582290192,
 0.016720484233132993,
 0.022995630334889938,
 0.018265842713475422,
 0.01922483069333225,
 0.017650466061894576,
 0.016411680286182673,
 0.022343215059635213,
 0.016422390249658747,
 0.01856393669697809,
 0.018006572347587735,
 0.01762324490474043,
 0.019587184457691365,
 0.0206465783451506,
 0.016287623209194635,
 0.01725062742534078,
 0.016703526790962542,
 0.025873933019880724,
 0.02172426842025743,
 0.019413593799640694,
 0.02195944136829553,
 0.019900897137944185,
 0.01637776540184177,
 0.0190092926783052,
 0.021736317129182225,
 0.01762369115320439,
 0.018454159571319906,
 0.021029459539533946,
 0.02026012716297032,
 0.019738908940297506,
 0.016622309567935645,
 0.02049663885645714,
 0.01703999814358781,
 0.017968641226929094,
 0.01862105650221224,
 0.020999560891510782,
 0.01612295752070736,
 0.016742796657069903,
 0.018216309132384367,
 0.019020895138737615,
 0.02150783790827404,
 0.01712300036058423,
 0.01883704076567483,
 0.01852466683087073,
 0.01813419941237271,
 0.01949704226507265,
 0.020861223863221312,
 0.017600039983847182,
 0.01873931234894144,
 0.017903935197580267,
 0.019837529854044078,
 0.021892950345034023,
 0.017362635793432446,
 0.01778567935085107,
 0.018861584431988376,
 0.018383206063276702,
 0.019873675980761618,
 0.020120897637752932,
 0.020968769746502858,
 0.01649512875161463,
 0.018269412701329202,
 0.018769210996964603,
 0.01936406021854964,
 0.01608770389094616,
 0.018156958084773578,
 0.016488435024427872,
 0.016890951151850686,
 0.01947651483507684,
 0.02012669886795493,
 0.0229947378379336,
 0.01713415657252426,
 0.018496999425224203,
 0.01799943237193702,
 0.02262256660705475,
 0.01924580437182044,
 0.018376066087597565,
 0.017246611189051464,
 0.019997733057749656,
 0.018360893639368214,
 0.018377851081538665,
 0.020758586713242266,
 0.017397443174729688,
 0.017672778485831486,
 0.01739119569600689,
 0.0169025536122831,
 0.022494047045313437,
 0.01899188898767079,
 0.01795748501498906,
 0.01781870173823563,
 0.01737557699928516,
 0.019583614469866006,
 0.018712091191758873,
 0.02025968091447794,
 0.019237771899213385,
 0.01688604241860503,
 0.01723456248012667,
 0.021468568042195102,
 0.01649602124857097,
 0.023036238946417598,
 0.0174920478521301,
 0.017659837279950352,
 0.022333397593115478,
 0.01754649016646681,
 0.01749026285821742,
 0.018027546026047503,
 0.01989197216838079,
 0.0174135081199438,
 0.020542156201230455,
 0.019993716821403495,
 0.01961574436032265,
 0.0164701388368087,
 0.01778523310235869,
 0.023490073648844145,
 0.018494321934383606,
 0.021261062499775107,
 0.01943902996291058,
 0.015897602039160574,
 0.02340394769254317,
 0.01586547214873235,
 0.01776202818149386,
 0.018371157354351908,
 0.017044906876861887,
 0.02221424924942994,
 0.021894735338946703,
 0.017321580933412406,
 0.016373749165524032,
 0.019135134749177496,
 0.018871848147000492,
 0.018737527355057182,
 0.021961226362208208,
 0.016284499469861657,
 0.020529214995377743,
 0.015728473865920023,
 0.018376066087625986,
 0.023745327778442515,
 0.017874482798021063,
 0.019622438087480987,
 0.016248799591608076,
 0.017377808241661796,
 0.019994163069895876,
 0.020341790634489598,
 0.01901375516311532,
 0.01688559617011265,
 0.017223852516650595,
 0.01700251327142155,
 0.023026421479897863,
 0.01871923116740959,
 0.01832608625804255,
 0.01774373199387469,
 0.01711898412426649,
 0.018850874468512302,
 0.021070960648017945,
 0.017247503686007803,
 0.01832697875499889,
 0.017284096061217724,
 0.017497402833839715,
 0.02272341876314954,
 0.017536226451454695,
 0.018997243969408828,
 0.01840685723260549,
 0.01682624512250186,
 0.022498955778559093,
 0.019135580997669877,
 0.019447062435517637,
 0.0155361407717578,
 0.01713683406339328,
 0.018320731276304514,
 0.022285649005937103,
 0.016888273660981667,
 0.01858223288459726,
 0.016583932198784623,
 0.019061503750265274,
 0.019134242252221156,
 0.019201179523975043,
 0.017513467779053826,
 0.01903249759919845,
 0.024053239228464918,
 0.01906864372591599,
 0.019214566978320136,
 0.01777720062972321,
 0.019623776832929707,
 0.01787716028886166,
 0.020208808587966587,
 0.023395468971443734,
 0.017387179459717572,
 0.019858503532503846,
 0.017874036549528682,
 0.02137128587389725,
 0.018374727342177266,
 0.018508155637192658,
 0.019199840778554744,
 0.01821140039911029,
 0.01733318339384482,
 0.022996522831846278,
 0.017990061153881243,
 0.015624497970463835,
 0.017618782419958734,
 0.017247057437515423,
 0.018264057719562743,
 0.018454605819783865,
 0.017790141835632767,
 0.01998568434879644,
 0.017370668266039502,
 0.01700206702295759,
 0.020382399246017258,
 0.01774774823019243,
 0.02237132871377412,
 0.01895440411547611,
 0.01979290500619868,
 0.019864751011198223,
 0.01653082862986821,
 0.019446169938561297,
 0.0194787460774819,
 0.016543769835749345,
 0.018489413201109528,
 0.019959801937091015,
 0.01606405272158895,
 0.01823014283522184,
 0.018377404833046285,
 0.022616319128360374,
 0.017124339106004527,
 0.016500483733352667,
 0.01698243208991812,
 0.020868810087335987,
 0.018235944065423837,
 0.018901746795023655,
 0.019337731558351834,
 0.01653484486618595,
 0.019001260205698145,
 0.025118434346154572,
 0.018324747512622253,
 0.018547425503271597,
 0.0198339598661903,
 0.021774694498276403,
 0.01772498955779156,
 0.01903205135070607,
 0.01950105850139039,
 0.015609771770670022,
 0.016339834281154708,
 0.021168689064779755,
 0.018496999425224203,
 0.01961217437246887,
 0.018730833627870425,
 0.016984663332294758,
 0.016537968605518927,
 0.021360575910449597,
 0.018394808523680695,
 0.01780174429603676,
 0.016938253490565103,
 0.017232777486242412,
 0.021649744924360448,
 0.016633465779875678,
 0.018312252555205077,
 0.019647428002258494,
 0.01813375316390875,
 0.015747662550495534,
 0.021241427566707216,
 0.0185059243947876,
 0.01903249759919845,
 0.018201136684126595,
 0.018370711105859527,
 0.02049663885645714,
 0.018010142335413093,
 0.018785722190699516,
 0.017579512553851373,
 0.0162407671189726,
 0.016384012880507726,
 0.021748365838078598